0.00043
0.00043
0.00042
0.00041
0.00041
0.00040
0.00040
0.00039
0.00039
0.00039
0.00038
0.00038
0.00037
0.00037
0.00036
0.00036
0.00035
0.00035
0.00035
0.00034
0.00034
0.00033
0.00033
0.00033
0.00032
0.00032
0.00032
0.00031
0.00031
0.00031
0.00030
0.00030
0.00029
0.00029
0.00029
0.00029
0.00028
0.00028
0.00028
0.00027
0.00027
0.00027
0.00026
0.00026
0.00026
0.00026
0.00025
0.00025
0.00025
0.00025
0.00024
0.00024
0.00024
0.00024
0.00023
0.00023
0.00023
0.00023
0.00022
0.00022
0.00022
0.00022
0.00021
0.00021
0.00021
0.00021
0.00021
0.00020
0.00020
0.00020
0.00020
0.00020
0.00019
0.00019
0.00019
0.00019
0.00019
0.00018
0.00018
0.00018
0.00018
0.00018
0.00017
0.00017
0.00017
0.00017
0.00017
0.00016
0.00016
0.00016
0.00016
0.00015
0.00015
0.00015
0.00014
0.00014
0.00014
0.00013
0.00013
0.00013
0.00012
0.00012
0.00011
0.00011
0.00010
0.00009
0.00009
0.00008
0.00007
0.00006
0.00005
0.00004
0.00003
0.00002
0.00000
-0.00001
-0.00003
-0.00005
-0.00007
-0.00009
-0.00011
-0.00014
-0.00016
-0.00019
-0.00023
-0.00026
-0.00030
-0.00034
-0.00039
-0.00044
-0.00049
-0.00055
-0.00061
-0.00068
-0.00076
-0.00084
-0.00092
-0.00102
-0.00112
-0.00123
-0.00134
-0.00147
-0.00160
-0.00175
-0.00191
-0.00207
-0.00225
-0.00245
-0.00265
-0.00287
-0.00311
-0.00336
-0.00363
-0.00391
-0.00422
-0.00454
-0.00488
-0.00525
-0.00563
-0.00604
-0.00647
-0.00693
-0.00741
-0.00792
-0.00845
-0.00901
-0.00961
-0.01023
-0.01088
-0.01156
-0.01228
-0.01303
-0.01381
-0.01462
-0.01547
-0.01635
-0.01727
-0.01822
-0.01921
-0.02023
-0.02128
-0.02237
-0.02349
-0.02465
-0.02583
-0.02705
-0.02830
-0.02957
-0.03087
-0.03219
-0.03354
-0.03490
-0.03629
-0.03768
-0.03909
-0.04051
-0.04193
-0.04335
-0.04477
-0.04618
-0.04757
-0.04895
-0.05031
-0.05164
-0.05293
-0.05419
-0.05540
-0.05655
-0.05765
-0.05869
-0.05965
-0.06053
-0.06132
-0.06203
-0.06263
-0.06312
-0.06350
-0.06375
-0.06388
-0.06386
-0.06370
-0.06339
-0.06292
-0.06229
-0.06148
-0.06049
-0.05932
-0.05797
-0.05641
-0.05466
-0.05271
-0.05054
-0.04817
-0.04559
-0.04280
-0.03978
-0.03656
-0.03312
-0.02947
-0.02560
-0.02153
-0.01725
-0.01277
-0.00810
-0.00324
0.00181
0.00702
0.01241
0.01794
0.02362
0.02943
0.03537
0.04140
0.04753
0.05374
0.06002
0.06633
0.07268
0.07904
0.08539
0.09172
0.09800
0.10423
0.11037
0.11641
0.12233
0.12811
0.13373
0.13917
0.14442
0.14944
0.15423
0.15877
0.16303
0.16701
0.17068
0.17403
0.17704
0.17971
0.18202
0.18396
0.18551
0.18667
0.18743
0.18779
0.18774
0.18727
0.18638
0.18507
0.18335
0.18121
0.17865
0.17569
0.17233
0.16857
0.16443
0.15991
0.15502
0.14979
0.14422
0.13833
0.13214
0.12566
0.11891
0.11192
0.10469
0.09726
0.08965
0.08187
0.07395
0.06591
0.05778
0.04958
0.04133
0.03306
0.02478
0.01654
0.00833
0.00020
-0.00784
-0.01577
-0.02357
-0.03121
-0.03868
-0.04596
-0.05302
-0.05987
-0.06647
-0.07281
-0.07889
-0.08468
-0.09018
-0.09538
-0.10027
-0.10484
-0.10908
-0.11300
-0.11658
-0.11982
-0.12273
-0.12530
-0.12754
-0.12944
-0.13101
-0.13226
-0.13318
-0.13379
-0.13410
-0.13410
-0.13381
-0.13324
-0.13240
-0.13131
-0.12996
-0.12837
-0.12656
-0.12454
-0.12232
-0.11991
-0.11733
-0.11460
-0.11171
-0.10869
-0.10556
-0.10231
-0.09898
-0.09556
-0.09208
-0.08854
-0.08496
-0.08135
-0.07772
-0.07408
-0.07045
-0.06682
-0.06322
-0.05964
-0.05611
-0.05262
-0.04918
-0.04581
-0.04250
-0.03926
-0.03611
-0.03303
-0.03005
-0.02715
-0.02435
-0.02165
-0.01904
-0.01654
-0.01414
-0.01184
-0.00964
-0.00755
-0.00556
-0.00368
-0.00190
-0.00022
0.00136
0.00284
0.00423
0.00552
0.00672
0.00783
0.00886
0.00980
0.01065
0.01143
0.01214
0.01277
0.01333
0.01383
0.01426
0.01464
0.01495
0.01522
0.01543
0.01559
0.01571
0.01579
0.01583
0.01583
0.01580
0.01574
0.01565
0.01553
0.01539
0.01523
0.01504
0.01485
0.01463
0.01440
0.01416
0.01391
0.01365
0.01338
0.01310
0.01282
0.01254
0.01226
0.01197
0.01168
0.01139
0.01110
0.01082
0.01053
0.01025
0.00998
0.00970
0.00943
0.00917
0.00891
0.00865
0.00840
0.00816
0.00792
0.00769
0.00746
0.00724
0.00702
0.00681
0.00661
0.00641
0.00622
0.00603
0.00585
0.00568
0.00551
0.00534
0.00519
0.00503
0.00489
0.00474
0.00461
0.00447
0.00434
0.00422
0.00410
0.00398
0.00387
0.00376
0.00366
0.00356
0.00346
0.00337
0.00328
0.00319
0.00311
0.00303
0.00295
0.00287
0.00280
0.00273
0.00266
0.00260
0.00253
0.00247
0.00241
0.00236
0.00230
0.00225
0.00220
0.00215
0.00210
0.00205
0.00200
0.00196
0.00192
0.00188
0.00184
0.00180
0.00176
0.00172
0.00169
0.00165
0.00162
0.00159
0.00155
0.00152
0.00149
0.00146
0.00144
0.00141
0.00138
0.00135
0.00133
0.00130
0.00128
0.00126
0.00123
0.00121
0.00119
0.00117
0.00115
0.00113
0.00111
0.00109
0.00107
0.00105
0.00103
0.00102
0.00100
0.00098
0.00097
0.00095
0.00093
0.00092
0.00090
0.00089
0.00088
0.00086
0.00085
0.00083
0.00082
0.00081
0.00080
0.00078
0.00077
0.00076
0.00075
0.00074
0.00073
0.00072
0.00070
0.00069
0.00068
0.00067
0.00066
0.00065
0.00065
0.00064
0.00063
0.00062
0.00061
0.00060
0.00059
0.00058
0.00058
0.00057
0.00056
0.00055
0.00055
0.00054
0.00053
0.00052
0.00052
0.00051
0.00050
0.00050
0.00049
0.00048
0.00048
0.00047
0.00046
0.00046
0.00045
0.00045
0.00044
0.00044
